mw 11111102221212111, mammon.

Cap. Ver& vol.1³ag.
21111111.

111. 4. 1. 339.

111.1. > 111. 239.
1111111110. 11. 349, 375, 376.

216111111.

1111. 22. 111. 181, 182, 223.

mus. ,
111. 10. 1222.
11. 0. i. 10. .
16. ,1.342.

1111. 4. 1203.

1111111.

11.191,192‚-³17.
11. 185.
ιι. ιιι, 192, 317.

v11113. Ι
1125.
ι.. 27.

Τοιιιτ.
11. 8. 11. 207.

“ 8011111.
-50-59; 11. 112.

“ 1. 48.

S. 1111111101.
11. 11.’ 111. 341.
11. 10.
11. 3.
111. 22:
x. 2.

111· 352
1. 139.
11. 3011.
’ 11131111
11. 200.Ι
111230, 111.
111 210.
111.- 711, 112.

11111. 181
xviii. 21. ‚
11112111. 1114

11. 210.

111. 341, 04.
11. 339.
1. 25. 11. 70.

xxiii. 35.

1111. 37. ’
xxviiss 51

S. Munus.
1. 121
. 11. 386-390.’

111. 12. ἶ
111. 2.

- ⁴ 3111111.
11123. 111500-502.

⁸ xviii. 0.

’ 1111. 3.

⁴ ix. 5.

41ι

Vol. Ρη.

11. 120, 220, m
221. '

11. 339.
11. 76, 92111402.
11. 336-390.

Cap. νοις.
111. 23, 24.

xxiii. 32.
xxiv. l.

Momm.

ι. 1. 111. 252.

1. 11. ιιι. 199.

ι. 16. 11141.

11130. 1122.

ιιιο, 1129.

ι. 35.
1..211-217. ι
ι. ιι.

111. 221.

11. 386-330. ’
11. 294.

viii. 44.
111. 2.
111. 12, 13.

11. 1, 2.
111. ult.

. 3111311111.

111. 127.
1. 25, 26.
111. 353.
111.43,461,179,4801 ,
111. 83, 116.

⁴ 111310, 364.
11. 10. ’
111. 338, 363.
1. 138. 11. 27.
1. 378.

1. 15.
1. 18.
V· 41. ¹ ι
11. 5.

111. 19.
111. 23.
1111. 9.
11. 23.
111. 9.

1111111101.

1. 17. 1. 12.

v. 14. 11. 205.

viii. 21, 22. iv. 226.

11. 467 , 494.

11. 410.

iii. 461. (oons. 111⁴
dicem·‚138.) 351.

111147. ’

xi. 26.
111. 8, 20.

xiii. 12.

12111 commistos.

1. 2⁰3, 2111, 254.
111. 161.

iii. 211.

iiix· 424.

111. 334, 359. Α

11. 9.
1. 4.

111. 7.

11. 29.
xiii. 4.
(ι g 2

 

